1 0.5008296618412771
2 0.5008296618412771
3 0.500772443783258
4 0.500772443783258
5 0.500772443783258
6 0.5008153573267723
7 0.500772443783258
8 0.500772443783258
10 0.5008439663557819
11 0.5008153573267723
14 0.5007438347542484
16 0.5007438347542484
19 0.5006580076672198
22 0.5006007896092006
26 0.5006150941237054
31 0.5006580076672198
36 0.5006866166962294
42 0.500643703152715
50 0.5004434399496481
59 0.5003433083481147
69 0.5002288722320765
81 0.5000143045145048
95 0.49978543228242833
112 0.49958516907936146
132 0.49921325170223724
156 0.4988556388396178
183 0.4987268982090748
215 0.4986553756365509
254 0.49798306345482635
298 0.49733936030211134
351 0.4972392287005779
413 0.49673857069291066
486 0.49630943525776733
572 0.4962236081707387
673 0.49592321336613837
792 0.49485037477828003
933 0.49406362648051727
1097 0.49337700978428795
1292 0.4918607312467815
1520 0.4898580992161126
1789 0.48932883217943585
2105 0.4872689820907478
2477 0.48546661326314583
2915 0.48403616181266806
3430 0.4839074211821251
4037 0.48302054128282884
4751 0.4801596383818733
5591 0.480116724838359
6579 0.47840018309778565
7743 0.4749098815586199
9112 0.4727212908393889
10723 0.46814384619786004
12619 0.46574068776105737
14850 0.4649110259197803
17475 0.4652257252388854
20565 0.46409566859300794
24201 0.4630228300051496
28480 0.4630228300051496
33516 0.4615065514676432
39442 0.46173542369971965
46416 0.4611203295760142
54623 0.4635520970418264
64281 0.46173542369971965
75646 0.46006179550266063
89022 0.4606482805973565
104762 0.4603335812782514
123285 0.46386679636093153
145083 0.4614922469531384
170735 0.46227899525090116
200923 0.4591892201178692
236449 0.46192138238828173
278256 0.45731532871774333
327455 0.45993305487211766
385353 0.4578445957544201
453488 0.45323854208388165
533670 0.4556130914916748
628029 0.4565571894489901
739072 0.45857412599416375
869749 0.4634376609257882
1023531 0.46322309320821653
1204504 0.4578589002689249
1417474 0.4578302912399153
1668101 0.4603192767637466
1963041 0.4586742575956972
2310130 0.4625221719974824
2718588 0.4561709675573611
3199267 0.453410196257939
3764936 0.4430251187274704
4430621 0.424643817588831
5214008 0.4379470160782743
6135907 0.44209532528465983
7220809 0.4305801911083138
8497534 0.4230846255078103
10000000 0.41051095725811065