1 0.5006419662509171
2 0.5006419662509171
3 0.5006419662509171
4 0.5006419662509171
5 0.5006336290268792
6 0.5006336290268792
7 0.5006336290268792
8 0.5005919429066897
10 0.5005836056826519
11 0.5005836056826519
14 0.5006169545788034
16 0.500575268458614
19 0.5004918962182352
22 0.5004835589941973
26 0.500500233442273
31 0.5004585473220836
36 0.50043353564997
42 0.500500233442273
50 0.5004585473220836
59 0.5004835589941973
69 0.5004918962182352
81 0.5006002801307277
95 0.5005335823384246
112 0.5004835589941973
132 0.5003918495297806
156 0.5003835123057426
183 0.5004001867538185
215 0.5004251984259321
254 0.5003418261855532
298 0.5001834189288334
351 0.4999833255519242
413 0.4993913826452344
486 0.4987660908423931
572 0.49843260188087773
673 0.49839091576068834
792 0.49742379777229373
933 0.4973154138598012
1097 0.49634829587140666
1292 0.4958063763089442
1520 0.4947642233042086
1789 0.4937887680917762
2105 0.4928716734476089
2477 0.49197125325151736
2915 0.4912709264323351
3430 0.49081237911025144
4037 0.4888531314613486
4751 0.4881194557460148
5591 0.4865854065230441
6579 0.4843843793770426
7743 0.4843927166010805
9112 0.48380077369439073
10723 0.4822583872473821
12619 0.4825752017608217
14850 0.4817498165810712
17475 0.48120789701860867
20565 0.47778129793903823
24201 0.4776895884746215
28480 0.47882345094377377
33516 0.47914860268125126
39442 0.47621389981991596
46416 0.4792319749216301
54623 0.479165277129327
64281 0.4766057493496965
75646 0.47724771560061363
89022 0.4803825118388581
104762 0.47591375975455213
123285 0.47984892950043356
145083 0.4773310878409925
170735 0.4747965717334756
200923 0.47930700993797104
236449 0.4776979256986594
278256 0.47648069098912826
327455 0.4775645301140532
385353 0.4748632695257787
453488 0.4795487894350697
533670 0.4771643433602348
628029 0.4788151137197359
739072 0.4777479490428867
869749 0.4794654171946909
1023531 0.475271793503635
1204504 0.47646401654105247
1417474 0.46088174481424665
1668101 0.46078169812579206
1963041 0.46368305209097577
2310130 0.46471686787167343
2718588 0.4774311345294471
3199267 0.46625091709464417
3764936 0.45747182018275195
4430621 0.4803575001667445
5214008 0.47229540452211033
6135907 0.4744213966517708
7220809 0.4758303875141733
8497534 0.4681684786233576
10000000 0.47867338091109185