1 0.49782482963260993
2 0.49782482963260993
3 0.49782482963260993
4 0.49782482963260993
5 0.49779968315437423
6 0.49779968315437423
7 0.4978499761108457
8 0.4978499761108457
10 0.49779968315437423
11 0.49779968315437423
14 0.49769909724143135
16 0.4975985113284884
19 0.4976488042849599
22 0.4976488042849599
26 0.4973973395026027
31 0.49727160711142404
36 0.49727160711142404
42 0.49717102119848117
50 0.497095581763774
59 0.49704528880730253
69 0.4968692634596525
81 0.4967938240249453
95 0.4968944099378882
112 0.49651721276435234
132 0.4960897226343451
156 0.49576281841728065
183 0.4956119395478663
215 0.49500842407020895
254 0.49445520154902306
298 0.49344934241959415
351 0.4928961198984082
413 0.49226745794251514
486 0.49194055372545076
572 0.49050720446601453
673 0.4895013453365856
792 0.4880931425553851
933 0.485377322905927
1097 0.48366736238589786
1292 0.4820579877788116
1520 0.48072522443231824
1789 0.47893982447758193
2105 0.4770789850881384
2477 0.473030402092187
2915 0.4707672190509719
3430 0.46611512057736315
4037 0.4638016445796766
4751 0.4597530615837252
5591 0.45613196871778106
6579 0.45479920537128776
7743 0.4499710815500289
9112 0.44403651268639827
10723 0.44162245077576884
12619 0.44074232403751856
14850 0.4386300198657178
17475 0.4329720622626801
20565 0.42831996378907133
24201 0.43171473835089397
28480 0.42932582291850024
33516 0.4233912540548696
39442 0.42220936957779065
46416 0.42301405688133376
54623 0.42223451605602635
64281 0.4223099554907335
75646 0.42449769909724144
89022 0.4274146905725853
104762 0.43206678904619406
123285 0.42605678074785625
145083 0.4261070737043277
170735 0.42374330475016975
200923 0.42756556944199964
236449 0.42676088213845653
278256 0.424900042749013
327455 0.42150526818719036
385353 0.4205748484924686
453488 0.42175673296954763
533670 0.41926723162421103
628029 0.42233510196896923
739072 0.4087811501999145
869749 0.4128045867176302
1023531 0.40971156989463625
1204504 0.41001332763346493
1417474 0.42251112731661933
1668101 0.4131314909346946
1963041 0.39618276460381724
2310130 0.37106143284632986
2718588 0.35632559660019614
3199267 0.35733145572962505
3764936 0.33640958583750347
4430621 0.3096537329946941
5214008 0.2522443231825383
6135907 0.20936957779063042
7220809 0.15148238489199586
8497534 0.1088088113259738
10000000 0.03294188648879724