1 0.49257575757575756
2 0.49257575757575756
3 0.49247474747474745
4 0.49247474747474745
5 0.49247474747474745
6 0.49247474747474745
7 0.49237373737373735
8 0.49237373737373735
10 0.49232323232323233
11 0.49232323232323233
14 0.4922222222222222
16 0.492020202020202
19 0.4919191919191919
22 0.4918181818181818
26 0.4918181818181818
31 0.4915151515151515
36 0.4912626262626263
42 0.4912626262626263
50 0.4907575757575758
59 0.4906565656565657
69 0.4904545454545455
81 0.49015151515151517
95 0.49
112 0.4898989898989899
132 0.4891919191919192
156 0.48843434343434344
183 0.48787878787878786
215 0.48772727272727273
254 0.4865151515151515
298 0.4848989898989899
351 0.48343434343434344
413 0.4821212121212121
486 0.481010101010101
572 0.47883838383838384
673 0.4752020202020202
792 0.4722727272727273
933 0.46994949494949495
1097 0.4667171717171717
1292 0.4634343434343434
1520 0.459040404040404
1789 0.45454545454545453
2105 0.4494949494949495
2477 0.4442929292929293
2915 0.43843434343434345
3430 0.43156565656565654
4037 0.42368686868686867
4751 0.4162121212121212
5591 0.4059090909090909
6579 0.3982323232323232
7743 0.3901010101010101
9112 0.3807070707070707
10723 0.36904040404040406
12619 0.35792929292929293
14850 0.3518686868686869
17475 0.3375252525252525
20565 0.32732323232323235
24201 0.3194949494949495
28480 0.30883838383838386
33516 0.2991919191919192
39442 0.29015151515151516
46416 0.2815656565656566
54623 0.27555555555555555
64281 0.27166666666666667
75646 0.263030303030303
89022 0.25257575757575756
104762 0.24636363636363637
123285 0.24267676767676769
145083 0.23247474747474747
170735 0.23747474747474748
200923 0.2263131313131313
236449 0.2193939393939394
278256 0.2147979797979798
327455 0.19686868686868686
385353 0.19808080808080808
453488 0.1905050505050505
533670 0.19333333333333333
628029 0.19252525252525252
739072 0.18727272727272729
869749 0.18828282828282827
1023531 0.1742929292929293
1204504 0.16585858585858587
1417474 0.17297979797979798
1668101 0.1668181818181818
1963041 0.16308080808080808
2310130 0.16333333333333333
2718588 0.1636868686868687
3199267 0.1496969696969697
3764936 0.15
4430621 0.14853535353535355
5214008 0.1622222222222222
6135907 0.15171717171717172
7220809 0.1546969696969697
8497534 0.14202020202020202
10000000 0.12292929292929293