1 0.4963903410505352
2 0.4963903410505352
3 0.4962243797195254
4 0.4962243797195254
5 0.49597543772301056
6 0.49597543772301056
7 0.4958094763920007
8 0.4958094763920007
10 0.4958094763920007
11 0.4958094763920007
14 0.4958094763920007
16 0.4958094763920007
19 0.4956435150609908
22 0.49506265040245623
26 0.49506265040245623
31 0.49506265040245623
36 0.4949796697369513
42 0.4943988050784167
50 0.493983901750892
59 0.4939009210853871
69 0.4936519790888723
81 0.4931540950958427
95 0.49307111443033774
112 0.49290515309932786
132 0.49207534644427847
156 0.4913285204547341
183 0.4903327524686748
215 0.48892208115509084
254 0.4880922745000415
298 0.4862666998589329
351 0.4867645838519625
413 0.48427516388681435
486 0.48244958924570575
572 0.48020911127707244
673 0.47738776864990456
792 0.4721599867230935
933 0.46859181810638123
1097 0.46187038420048127
1292 0.45846817691477887
1520 0.454236162974027
1789 0.4491743423782259
2105 0.4419550244792963
2477 0.43291013193925815
2915 0.42784831134345697
3430 0.4187204381379139
4037 0.41175006223549915
4751 0.40643929964318315
5591 0.39515392913451164
6579 0.3905899925317401
7743 0.3877686499045722
9112 0.37930462202306864
10723 0.3720853041241391
12619 0.3666085802008132
14850 0.3585594556468343
17475 0.3586424363123392
20565 0.35017840843083564
24201 0.34710812380715295
28480 0.3554891710231516
33516 0.35507426769562694
39442 0.3543274417060825
46416 0.34486764583851964
54623 0.3425441872043814
64281 0.34320803252842086
75646 0.35507426769562694
89022 0.35565513235416146
104762 0.35980416562940837
123285 0.35200398307194425
145083 0.34337399385943074
170735 0.34710812380715295
200923 0.3504273504273504
236449 0.35399551904406273
278256 0.3471911044726579
327455 0.34627831715210355
385353 0.35507426769562694
453488 0.3634553149116256
533670 0.33408015932287777
628029 0.3441208198489752
739072 0.35465936436810225
869749 0.335158907974442
1023531 0.3254501701103643
1204504 0.351008215085885
1417474 0.34022072857024316
1668101 0.3467762011451332
1963041 0.3414654385528172
2310130 0.34544851049705416
2718588 0.32810555140652226
3199267 0.32096921417309765
3764936 0.35316571238901334
4430621 0.33466102398141234
5214008 0.3332503526678284
6135907 0.2917600199153597
7220809 0.3254501701103643
8497534 0.3325865073437889
10000000 0.340386689901253