1 0.49894461388368416
2 0.4989127015605126
3 0.4989127015605126
4 0.4989127015605126
5 0.4989127015605126
6 0.4989127015605126
7 0.4989127015605126
8 0.4989127015605126
10 0.49890358375389215
11 0.4988944659472717
14 0.4989263782704433
16 0.49887623033403083
19 0.49889902485058196
22 0.49890358375389215
26 0.49887167143072064
31 0.4988443180108593
36 0.4988671125274104
42 0.4988853481406513
50 0.49883064130092863
59 0.49889902485058196
69 0.49896284949692504
81 0.4988899070439615
95 0.4989537316903046
112 0.49904035085319876
132 0.4989810851101659
156 0.4990175563366477
183 0.49907226317637027
215 0.4990175563366477
254 0.4989719673035455
298 0.4990631453697498
351 0.4989719673035455
413 0.49887623033403083
486 0.49871666871817316
572 0.49842945780962933
673 0.49825621948384097
792 0.4980373921249504
933 0.49783224147599053
1097 0.49721678952911086
1292 0.49670619235836627
1520 0.4964873649994757
1789 0.4961955951876217
2105 0.4960588280883151
2477 0.4954160227215741
2915 0.49461821464228567
3430 0.49413497089140235
4037 0.4936836394636906
4751 0.49313657106646425
5591 0.4927125930586138
6579 0.490993886510661
7743 0.49003651681551486
9112 0.4898632784897265
10723 0.48873722937210223
12619 0.48839075272052557
14850 0.4867632242387771
17475 0.4862435092614121
20565 0.48695013927449615
24201 0.4862435092614121
28480 0.4880351582623284
33516 0.48998636887910246
39442 0.4881764842649452
46416 0.4886050211761059
54623 0.4872920570227626
64281 0.4876795638041313
75646 0.4877753007736459
89022 0.4865717502997479
104762 0.48720999676317867
123285 0.4873102926360035
145083 0.4890609115071278
170735 0.48522231491992285
200923 0.4862571859713427
236449 0.4871917611499378
278256 0.4876795638041313
327455 0.4891384128634016
385353 0.48948488951497826
453488 0.48713705431021515
533670 0.4854593778920543
628029 0.48674954752884647
739072 0.4842421507082256
869749 0.485017164270963
1023531 0.48664925165602163
1204504 0.4809187101950755
1417474 0.4818076963405683
1668101 0.4682404000893545
1963041 0.4483316693336251
2310130 0.4735879936722422
2718588 0.47206987886993906
3199267 0.4286964727765089
3764936 0.4667541976102229
4430621 0.47006396141344237
5214008 0.475347730349987
6135907 0.4831434550104627
7220809 0.4862252736481712
8497534 0.4738022621278225
10000000 0.4867358708189158