1 0.48333333333333334
2 0.48333333333333334
3 0.48333333333333334
4 0.4722222222222222
5 0.4722222222222222
6 0.4722222222222222
7 0.4722222222222222
8 0.4722222222222222
10 0.48333333333333334
11 0.48333333333333334
14 0.4888888888888889
16 0.49444444444444446
19 0.5055555555555555
22 0.5055555555555555
26 0.5
31 0.4666666666666667
36 0.4666666666666667
42 0.45
50 0.45
59 0.45
69 0.43333333333333335
81 0.4444444444444444
95 0.40555555555555556
112 0.40555555555555556
132 0.3888888888888889
156 0.37777777777777777
183 0.37222222222222223
215 0.35555555555555557
254 0.3888888888888889
298 0.37777777777777777
351 0.2833333333333333
413 0.2833333333333333
486 0.29444444444444445
572 0.20555555555555555
673 0.2722222222222222
792 0.26666666666666666
933 0.29444444444444445
1097 0.32222222222222224
1292 0.25555555555555554
1520 0.25555555555555554
1789 0.22777777777777777
2105 0.1388888888888889
2477 0.13333333333333333
2915 0.1388888888888889
3430 0.06111111111111111
4037 0.0