1 0.5012820512820513
2 0.5006410256410256
3 0.5006410256410256
4 0.5006410256410256
5 0.5006410256410256
6 0.5006410256410256
7 0.5006410256410256
8 0.5006410256410256
10 0.5012820512820513
11 0.5012820512820513
14 0.4996794871794872
16 0.4996794871794872
19 0.4996794871794872
22 0.5003205128205128
26 0.5009615384615385
31 0.4983974358974359
36 0.4980769230769231
42 0.49743589743589745
50 0.4983974358974359
59 0.4971153846153846
69 0.4948717948717949
81 0.49551282051282053
95 0.49262820512820515
112 0.48878205128205127
132 0.48717948717948717
156 0.4823717948717949
183 0.4798076923076923
215 0.4778846153846154
254 0.47724358974358977
298 0.4641025641025641
351 0.45384615384615384
413 0.4493589743589744
486 0.44358974358974357
572 0.4391025641025641
673 0.4326923076923077
792 0.42467948717948717
933 0.41410256410256413
1097 0.4060897435897436
1292 0.3967948717948718
1520 0.378525641025641
1789 0.36666666666666664
2105 0.3564102564102564
2477 0.3368589743589744
2915 0.32724358974358975
3430 0.32083333333333336
4037 0.3112179487179487
4751 0.30480769230769234
5591 0.30641025641025643
6579 0.2939102564102564
7743 0.27564102564102566
9112 0.2685897435897436
10723 0.2673076923076923
12619 0.26506410256410257
14850 0.25737179487179485
17475 0.24006410256410257
20565 0.22275641025641027
24201 0.21346153846153845
28480 0.2144230769230769
33516 0.2128205128205128
39442 0.20192307692307693
46416 0.18653846153846154
54623 0.1782051282051282
64281 0.1951923076923077
75646 0.19423076923076923
89022 0.1830128205128205
104762 0.1766025641025641
123285 0.1814102564102564
145083 0.1544871794871795
170735 0.15993589743589742
200923 0.1467948717948718
236449 0.14198717948717948
278256 0.13525641025641025
327455 0.128525641025641
385353 0.13076923076923078
453488 0.13974358974358975
533670 0.14775641025641026
628029 0.11570512820512821
739072 0.11506410256410256
869749 0.11153846153846154
1023531 0.08205128205128205
1204504 0.07756410256410257
1417474 0.07435897435897436
1668101 0.07532051282051282
1963041 0.016666666666666666
2310130 0.014423076923076924
2718588 0.04871794871794872
3199267 0.03365384615384615
3764936 0.041666666666666664
4430621 0.04455128205128205
5214008 0.07179487179487179
6135907 0.057692307692307696
7220809 0.0