1 0.4987878787878788
2 0.4987878787878788
3 0.4987878787878788
4 0.4986868686868687
5 0.4985858585858586
6 0.4985858585858586
7 0.4983838383838384
8 0.4983838383838384
10 0.49828282828282827
11 0.49818181818181817
14 0.49818181818181817
16 0.49818181818181817
19 0.49797979797979797
22 0.49808080808080807
26 0.49797979797979797
31 0.49787878787878787
36 0.49747474747474746
42 0.49747474747474746
50 0.49727272727272726
59 0.49696969696969695
69 0.49696969696969695
81 0.49686868686868685
95 0.4963131313131313
112 0.4956060606060606
132 0.4953030303030303
156 0.4947979797979798
183 0.4941919191919192
215 0.49333333333333335
254 0.49262626262626263
298 0.49207070707070705
351 0.4903535353535354
413 0.48858585858585857
486 0.4862626262626263
572 0.4851010101010101
673 0.4824747474747475
792 0.47994949494949496
933 0.4776767676767677
1097 0.4735858585858586
1292 0.4703030303030303
1520 0.4676262626262626
1789 0.46166666666666667
2105 0.45545454545454545
2477 0.45111111111111113
2915 0.44292929292929295
3430 0.4348989898989899
4037 0.42883838383838385
4751 0.4207575757575758
5591 0.4128282828282828
6579 0.4032323232323232
7743 0.3929292929292929
9112 0.3880808080808081
10723 0.3758080808080808
12619 0.36393939393939395
14850 0.3532828282828283
17475 0.34464646464646465
20565 0.3392929292929293
24201 0.3283838383838384
28480 0.31712121212121214
33516 0.3084848484848485
39442 0.30227272727272725
46416 0.2903030303030303
54623 0.2828787878787879
64281 0.2787878787878788
75646 0.27015151515151514
89022 0.26161616161616164
104762 0.25813131313131316
123285 0.25196969696969695
145083 0.2516161616161616
170735 0.24186868686868687
200923 0.22257575757575757
236449 0.22126262626262627
278256 0.2247979797979798
327455 0.225
385353 0.22156565656565658
453488 0.2148989898989899
533670 0.1986868686868687
628029 0.19666666666666666
739072 0.19121212121212122
869749 0.18601010101010101
1023531 0.1984848484848485
1204504 0.18146464646464647
1417474 0.18984848484848485
1668101 0.1762121212121212
1963041 0.17676767676767677
2310130 0.17176767676767676
2718588 0.14272727272727273
3199267 0.1438888888888889
3764936 0.1508080808080808
4430621 0.12631313131313132
5214008 0.12616161616161617
6135907 0.1315151515151515
7220809 0.13762626262626262
8497534 0.14878787878787877
10000000 0.13707070707070707