1 0.510989010989011
2 0.510989010989011
3 0.4945054945054945
4 0.4945054945054945
5 0.4945054945054945
6 0.4835164835164835
7 0.46153846153846156
8 0.46153846153846156
10 0.46153846153846156
11 0.46153846153846156
14 0.44505494505494503
16 0.44505494505494503
19 0.4340659340659341
22 0.4340659340659341
26 0.4340659340659341
31 0.44505494505494503
36 0.43956043956043955
42 0.42857142857142855
50 0.4065934065934066
59 0.4010989010989011
69 0.3901098901098901
81 0.3956043956043956
95 0.38461538461538464
112 0.3516483516483517
132 0.3241758241758242
156 0.2857142857142857
183 0.2802197802197802
215 0.2692307692307692
254 0.2857142857142857
298 0.2692307692307692
351 0.29120879120879123
413 0.33516483516483514
486 0.2692307692307692
572 0.23076923076923078
673 0.27472527472527475
792 0.25274725274725274
933 0.23626373626373626
1097 0.21428571428571427
1292 0.3076923076923077
1520 0.3076923076923077
1789 0.25824175824175827
2105 0.3021978021978022
2477 0.1813186813186813
2915 0.16483516483516483
3430 0.0989010989010989
4037 0.13736263736263737
4751 0.23076923076923078
5591 0.27472527472527475
6579 0.2032967032967033
7743 0.08791208791208792
9112 0.04395604395604396
10723 0.0