1 0.48446285883397455
2 0.48446285883397455
3 0.48446285883397455
4 0.48446285883397455
5 0.4838709677419355
6 0.48327907664989644
7 0.4820952944658183
8 0.4820952944658183
10 0.4820952944658183
11 0.4820952944658183
14 0.4820952944658183
16 0.4820952944658183
19 0.48179934891979875
22 0.48179934891979875
26 0.48061556673572065
31 0.48091151228174017
36 0.47913583900562295
42 0.47913583900562295
50 0.4776561112755253
59 0.47528854690736905
69 0.47410476472329094
81 0.4729209825392128
95 0.4705534181710565
112 0.4670020716188221
132 0.461379106244451
156 0.45723586860017756
183 0.45546019532406035
215 0.45072506658774786
254 0.4471737200355135
298 0.44303048239124
351 0.4394791358390056
413 0.4338561704646345
486 0.4282332050902634
572 0.4282332050902634
673 0.42349807635395087
792 0.4175791654335602
933 0.4072210713228766
1097 0.3980467593962711
1292 0.39479135839005625
1520 0.38857650192364607
1789 0.38591299200947027
2105 0.38029002663509914
2477 0.36993193252441553
2915 0.35661438295353654
3430 0.35424681858538026
4037 0.33619414027818884
4751 0.32997928381177866
5591 0.33471441254809114
6579 0.32849955608168097
7743 0.315182006510802
9112 0.3119266055045872
10723 0.2941698727434152
12619 0.2938739271973957
14850 0.2894347440071027
17475 0.3021604024859426
20565 0.2781888132583605
24201 0.25421722403077834
28480 0.2704942290618526
33516 0.25332938739271976
39442 0.2678307191476768
46416 0.2743415211601065
54623 0.29624149156555196
64281 0.28262799644865344
75646 0.28825096182302457
89022 0.2820361053566144
104762 0.2808523231725363
123285 0.2666469369635987
145083 0.2743415211601065
170735 0.2701982835158331
200923 0.26960639242379403
236449 0.274045575614087
278256 0.2716780112459308
327455 0.2846996152707902
385353 0.27907664989641906
453488 0.2663509914175792
533670 0.2693104468777745
628029 0.251257768570583
739072 0.28529150636282924
869749 0.27611719443622373
1023531 0.28410772417875113
1204504 0.26161586268126663
1417474 0.2255105060668837
1668101 0.15270790174607873
1963041 0.18881325836046167
2310130 0.22462266942882508
2718588 0.25540100621485645
3199267 0.03462562888428529
3764936 0.0