1 0.5038650265510519
2 0.5038314176245211
3 0.5038314176245211
4 0.5038314176245211
5 0.5038314176245211
6 0.5038650265510519
7 0.5037978086979902
8 0.5037978086979902
10 0.5037978086979902
11 0.5038650265510519
14 0.5036969819183975
16 0.5036969819183975
19 0.5035961551388048
22 0.5035961551388048
26 0.5034281105061504
31 0.5033945015796195
36 0.5030248033877798
42 0.5030248033877798
50 0.5026214962694091
59 0.5024534516367547
69 0.5022517980775694
81 0.502050144518384
95 0.502050144518384
112 0.5018820998857296
132 0.5013443570612355
156 0.5010082677959266
183 0.500604960677556
215 0.5001680446326544
254 0.4988909054244807
298 0.4983531625999866
351 0.49640384486119515
413 0.49509309672649054
486 0.4944881360489346
572 0.4934462593264771
673 0.4925388183101432
792 0.49136250588156216
933 0.48988371311420315
1097 0.4877999596692882
1292 0.48571620622437317
1520 0.48148148148148145
1789 0.4799018619345298
2105 0.4753646568528601
2477 0.47045775357935066
2915 0.4645761914364455
3430 0.46007259528130673
4037 0.4545943402567722
4751 0.4501915708812261
5591 0.4450157961954695
6579 0.43984002150971296
7743 0.4355380789137595
9112 0.4273038919136923
10723 0.4227330779054917
12619 0.41806143711769844
14850 0.4102305572360019
17475 0.4057269610808631
20565 0.40048396854204477
24201 0.39782886334610473
28480 0.39742555622773407
33516 0.39332526719096594
39442 0.39477045103179403
46416 0.3966525509175237
54623 0.39527458492975737
64281 0.3926866975868791
75646 0.38996437453787725
89022 0.39248504402769374
104762 0.3907709887746185
123285 0.38909054244807423
145083 0.3848222087786516
170735 0.38297371781945283
200923 0.38572964979498553
236449 0.38294010889292196
278256 0.37759628957451097
327455 0.3813268804194394
385353 0.37517644686428714
453488 0.3843516838072192
533670 0.3911742958929892
628029 0.38596491228070173
739072 0.38270484640720576
869749 0.37568058076225047
1023531 0.3740673522887679
1204504 0.37262216844793977
1417474 0.37302547556631044
1668101 0.3657995563621698
1963041 0.38297371781945283
2310130 0.3591449889090542
2718588 0.33131679774148015
3199267 0.3191167574107683
3764936 0.2855078308798817
4430621 0.18978960811991666
5214008 0.2335148215366001
6135907 0.1823956442831216
7220809 0.09430664784566781
8497534 0.09692814411507697
10000000 0.10643947032331787
